 1 0.00011 0.00011 0.5 0.5 5.27009e-07 0 4.21876e-14 2.30665e-14
 2 0.000231 0.000121 0.5 0.499999 9.63432e-07 0 9.90939e-14 1.95077e-14
 3 0.0003641 0.0001331 0.5 0.499999 1.44757e-06 0 8.1158e-14 2.64991e-14
 4 0.00051051 0.00014641 0.5 0.499998 1.99999e-06 0 8.38908e-14 9.35407e-15
 5 0.000671561 0.000161051 0.5 0.499997 2.6312e-06 0 9.51412e-14 9.85485e-15
 6 0.000848717 0.000177156 0.5 0.499997 3.35395e-06 0 1.18018e-13 3.67581e-14
 7 0.00104359 0.000194872 0.5 0.499996 4.18257e-06 0 4.68256e-14 2.63652e-14
 8 0.00125795 0.000214359 0.5 0.499995 5.13279e-06 0 3.58603e-13 4.94271e-14
 9 0.00149374 0.000235795 0.5 0.499994 6.21854e-06 0 8.67947e-14 1.25809e-14
 10 0.00175271 0.000258963 0.5 0.499993 7.4412e-06 0 1.58616e-13 6.46107e-14
 11 0.00201864 0.000265935 0.5 0.499991 8.73199e-06 0 1.71371e-13 1.93963e-14
 12 0.0022817 0.000263055 0.5 0.49999 1.00422e-05 0 1.20834e-13 7.44407e-14
 13 0.00255237 0.000270674 0.5 0.499989 1.14234e-05 0 2.70025e-13 6.81243e-14
 14 0.00283122 0.000278855 0.5 0.499987 1.28769e-05 0 1.41412e-13 6.40803e-14
 15 0.00311881 0.000287588 0.5 0.499986 1.44071e-05 0 1.60494e-13 1.77657e-13
 16 0.00341441 0.0002956 0.5 0.499984 1.60104e-05 0 1.70903e-13 5.08765e-14
 17 0.00371533 0.00030092 0.5 0.499982 1.76706e-05 0 4.79808e-13 1.73897e-13
 18 0.00401924 0.000303912 0.5 0.499981 1.93834e-05 0 1.61119e-13 9.16602e-14
 19 0.00432801 0.000308767 0.5 0.499979 2.11647e-05 0 3.29106e-13 1.38062e-13
 20 0.00463506 0.000307048 0.5 0.499977 2.29617e-05 0 3.97702e-13 1.74963e-13
 21 0.004935 0.000299936 0.5 0.499975 2.47599e-05 0 4.91561e-13 2.12326e-13
 22 0.00522786 0.000292861 0.5 0.499974 2.65466e-05 0 2.12119e-13 1.48086e-13
 23 0.00551288 0.000285023 0.5 0.499972 2.83177e-05 0 2.61489e-13 1.27879e-13
 24 0.00578994 0.00027706 0.5 0.49997 3.00693e-05 0 4.481e-13 1.38198e-13
 25 0.00605361 0.000263668 0.5 0.499968 3.17676e-05 0 1.13523e-13 1.72657e-13
 26 0.00631076 0.000257152 0.5 0.499967 3.3447e-05 0 3.12163e-13 1.06711e-13
 27 0.00656333 0.000252574 0.5 0.499965 3.51261e-05 0 2.5097e-13 1.90602e-13
 28 0.00681212 0.000248789 0.5 0.499963 3.68048e-05 0 1.83788e-13 1.79843e-13
 29 0.00705788 0.000245759 0.5 0.499962 3.849e-05 0 2.33325e-13 2.07486e-13
 30 0.00730137 0.00024349 0.5 0.49996 4.01848e-05 0 2.50095e-13 2.36985e-13
 31 0.00754589 0.000244513 0.5 0.499958 4.19147e-05 0 2.56778e-13 2.38249e-13
 32 0.00779096 0.000245073 0.5 0.499956 4.36738e-05 0 2.31954e-13 1.98632e-13
 33 0.00803738 0.000246419 0.5 0.499955 4.54713e-05 0 1.24843e-13 2.34395e-13
 34 0.00828601 0.000248636 0.5 0.499953 4.73126e-05 0 3.00979e-13 2.091e-13
 35 0.00853778 0.000251767 0.5 0.499951 4.92064e-05 0 2.68072e-13 1.81005e-13
 36 0.00879364 0.000255861 0.5 0.499949 5.11611e-05 0 2.90657e-13 2.71606e-13
 37 0.00904918 0.000255537 0.5 0.499947 5.31449e-05 0 2.93129e-13 1.86607e-13
 38 0.00930397 0.000254795 0.5 0.499945 5.51534e-05 0 2.63359e-13 2.23632e-13
 39 0.00955904 0.00025507 0.5 0.499943 5.71961e-05 0 3.76044e-13 2.33236e-13
 40 0.0098045 0.000245459 0.5 0.499941 5.9192e-05 0 1.8958e-13 2.5455e-13
 41 0.0100494 0.000244931 0.5 0.499939 6.12136e-05 0 4.54901e-13 2.6749e-13
 42 0.0102943 0.000244852 0.5 0.499937 6.32652e-05 0 1.23173e-13 2.5194e-13
 43 0.0105402 0.000245896 0.5 0.499935 6.53577e-05 0 1.82149e-13 2.69572e-13
 44 0.0107873 0.000247069 0.5 0.499933 6.74922e-05 0 3.0199e-13 3.44394e-13
 45 0.0110361 0.000248851 0.5 0.49993 6.96756e-05 0 2.17296e-13 3.11596e-13
 46 0.0112883 0.000252193 0.5 0.499928 7.19221e-05 0 2.7096e-13 2.79948e-13
 47 0.0115408 0.000252492 0.5 0.499926 7.42057e-05 0 2.7173e-13 3.18261e-13
 48 0.0117843 0.000243546 0.5 0.499924 7.64408e-05 0 3.17281e-13 2.66834e-13
 49 0.0120314 0.000247049 0.5 0.499921 7.874e-05 0 2.35207e-13 2.50744e-13
 50 0.0122673 0.000235928 0.5 0.499919 8.09668e-05 0 2.81213e-13 2.68561e-13
 51 0.0125048 0.000237514 0.5 0.499917 8.32384e-05 0 5.19582e-13 3.12299e-13
 52 0.0127444 0.000239567 0.5 0.499915 8.55612e-05 0 3.35334e-13 3.30098e-13
 53 0.0129853 0.000240922 0.5 0.499912 8.79299e-05 0 2.16362e-13 3.17091e-13
 54 0.0132248 0.000239463 0.5 0.49991 9.03172e-05 0 4.99934e-13 3.67169e-13
 55 0.0134637 0.000238952 0.5 0.499907 9.27325e-05 0 3.82584e-13 3.67093e-13
 56 0.0137024 0.000238647 0.5 0.499905 9.51782e-05 0 3.17943e-13 3.52272e-13
 57 0.013939 0.000236621 0.5 0.499902 9.76366e-05 0 4.06288e-13 3.77799e-13
 58 0.0141736 0.000234607 0.5 0.4999 0.000100108 0 5.4332e-13 3.68545e-13
 59 0.0144066 0.000233045 0.5 0.499897 0.000102595 0 2.80976e-13 3.80888e-13
 60 0.014639 0.000232364 0.5 0.499895 0.000105108 0 4.00787e-13 3.64023e-13
 61 0.0148712 0.000232171 0.5 0.499892 0.000107653 0 4.86603e-13 4.05571e-13
 62 0.0150969 0.000225747 0.5 0.49989 0.000110158 0 4.91161e-13 4.16834e-13
 63 0.0153238 0.000226824 0.5 0.499887 0.000112706 0 5.60572e-13 4.03869e-13
 64 0.0155519 0.000228122 0.5 0.499885 0.000115301 0 9.41208e-13 3.5893e-13
 65 0.0157814 0.000229567 0.5 0.499882 0.000117947 0 8.97788e-13 3.78372e-13
 66 0.016009 0.000227529 0.5 0.499879 0.000120602 0 1.06574e-12 3.28869e-13
 67 0.0162349 0.000225963 0.5 0.499877 0.000123272 0 1.2303e-12 3.70388e-13
 68 0.0164597 0.000224812 0.5 0.499874 0.000125961 0 9.04458e-13 2.9276e-13
 69 0.0166849 0.000225144 0.5 0.499871 0.000128687 0 9.54775e-13 3.0174e-13
 70 0.0169108 0.000225899 0.5 0.499869 0.000131455 0 1.28938e-12 3.43121e-13
 71 0.0171379 0.000227121 0.5 0.499866 0.000134271 0 1.14183e-12 3.04581e-13
 72 0.0173572 0.000219242 0.5 0.499863 0.000137023 0 1.10197e-12 2.82383e-13
 73 0.0175754 0.000218203 0.5 0.49986 0.000139793 0 1.04661e-12 2.70717e-13
 74 0.0177912 0.00021581 0.5 0.499858 0.000142565 0 8.22273e-13 3.01958e-13
 75 0.0180084 0.000217217 0.5 0.499855 0.000145386 0 8.91776e-13 2.93921e-13
 76 0.0182248 0.000216432 0.5 0.499852 0.00014823 0 1.16006e-12 2.09281e-13
 77 0.0184412 0.000216423 0.5 0.499849 0.000151107 0 1.28867e-12 3.12123e-13
 78 0.0186581 0.000216828 0.5 0.499846 0.000154021 0 7.3988e-13 3.91853e-13
 79 0.0188766 0.000218488 0.5 0.499843 0.000156993 0 1.22331e-12 2.8495e-13
 80 0.0190867 0.000210193 0.5 0.49984 0.000159883 0 1.22149e-12 3.76778e-13
 81 0.0192967 0.000209957 0.5 0.499837 0.000162803 0 1.1268e-12 3.19331e-13
 82 0.019507 0.000210278 0.5 0.499834 0.000165758 0 1.26925e-12 3.10956e-13
 83 0.019718 0.000210997 0.5 0.499831 0.000168757 0 1.25381e-12 2.60076e-13
 84 0.0199299 0.000211904 0.5 0.499828 0.000171802 0 1.20033e-12 2.77172e-13
 85 0.0201433 0.000213413 0.5 0.499825 0.000174902 0 1.53173e-12 3.03371e-13
 86 0.0203532 0.000209862 0.5 0.499822 0.000177984 0 1.27112e-12 2.58346e-13
 87 0.0205623 0.000209113 0.5 0.499819 0.000181088 0 1.09719e-12 3.59754e-13
 88 0.020765 0.000202738 0.5 0.499816 0.000184128 0 1.58365e-12 4.08071e-13
 89 0.0209682 0.000203165 0.5 0.499813 0.000187206 0 8.22082e-13 3.10514e-13
 90 0.0211725 0.00020433 0.5 0.49981 0.000190332 0 1.35823e-12 3.14635e-13
 91 0.0213757 0.000203215 0.5 0.499807 0.000193474 0 1.05673e-12 3.34143e-13
 92 0.0215793 0.0002036 0.5 0.499803 0.000196653 0 1.33818e-12 4.37285e-13
 93 0.0217841 0.000204744 0.5 0.4998 0.000199882 0 1.31174e-12 3.95585e-13
 94 0.0219908 0.000206693 0.5 0.499797 0.000203176 0 1.12266e-12 4.04507e-13
 95 0.0221994 0.000208688 0.5 0.499794 0.000206536 0 8.82753e-13 4.60253e-13
 96 0.0224035 0.000204093 0.5 0.49979 0.000209856 0 1.2279e-12 4.23121e-13
 97 0.0226038 0.00020028 0.5 0.499787 0.000213147 0 1.53131e-12 4.20676e-13
 98 0.0228053 0.000201463 0.5 0.499784 0.000216489 0 1.0888e-12 3.8465e-13
 99 0.0230041 0.000198824 0.5 0.49978 0.000219819 0 1.22367e-12 3.69068e-13
 100 0.0232035 0.000199396 0.5 0.499777 0.000223191 0 1.37418e-12 4.16106e-13
