 1 1.1e-06 1.1e-06 1 1.07895e-08 1 0 1.96381e-13 3.44381e-15
 2 2.31e-06 1.21e-06 1 3.32782e-08 1 0 1.342e-13 2.06916e-15
 3 3.641e-06 1.331e-06 1 7.22677e-08 1 0 2.54001e-13 5.17229e-15
 4 5.1051e-06 1.4641e-06 1 1.324e-07 1 0 3.69108e-13 9.07107e-15
 5 6.71561e-06 1.61051e-06 1 2.19408e-07 1 0 3.79905e-13 8.35802e-15
 6 8.48717e-06 1.77156e-06 1 3.4036e-07 1 0 2.79829e-13 1.1748e-14
 7 1.04359e-05 1.94872e-06 1 5.03947e-07 1 0 5.40305e-13 1.05566e-14
 8 1.25795e-05 2.14359e-06 1 7.2088e-07 0.999999 0 6.33919e-13 3.1685e-14
 9 1.49374e-05 2.35795e-06 1 1.00421e-06 0.999999 0 6.17877e-13 3.44115e-14
 10 1.75312e-05 2.59374e-06 1 1.36998e-06 0.999999 0 5.45707e-13 2.76767e-14
 11 2.03843e-05 2.85312e-06 1 1.83779e-06 0.999998 0 2.72954e-13 2.52655e-14
 12 2.35227e-05 3.13843e-06 1 2.43168e-06 0.999998 0 3.55647e-13 2.27716e-14
 13 2.6975e-05 3.45227e-06 1 3.18076e-06 0.999997 0 2.7591e-13 4.97293e-14
 14 3.07725e-05 3.7975e-06 1 4.12072e-06 0.999996 0 8.50494e-13 6.41615e-14
 15 3.49497e-05 4.17725e-06 1 5.29497e-06 0.999995 0 7.31481e-13 7.19311e-14
 16 3.95447e-05 4.59497e-06 1 6.75662e-06 0.999993 0 6.32763e-13 7.66817e-14
 17 4.45992e-05 5.05447e-06 1 8.56978e-06 0.999991 0 9.34393e-13 7.95071e-14
 18 5.01591e-05 5.55992e-06 1 1.08128e-05 0.999989 0 1.09147e-12 7.53315e-14
 19 5.6275e-05 6.11591e-06 1 1.35807e-05 0.999986 0 9.35199e-13 5.31496e-14
 20 6.30025e-05 6.7275e-06 1 1.69898e-05 0.999983 0 1.57557e-12 6.34784e-14
 21 7.04027e-05 7.40025e-06 1 2.11797e-05 0.999979 0 1.50815e-12 7.48047e-14
 22 7.8543e-05 8.14027e-06 1 2.63212e-05 0.999974 0 1.42963e-12 7.2457e-14
 23 8.74973e-05 8.9543e-06 1 3.2621e-05 0.999967 0 1.56364e-12 1.0853e-13
 24 9.73471e-05 9.84973e-06 1 4.03313e-05 0.99996 0 1.34054e-12 8.58567e-14
 25 0.000108182 1.08347e-05 1 4.97551e-05 0.99995 0 1.75852e-12 1.34396e-13
 26 0.0001201 1.19182e-05 1 6.12619e-05 0.999939 0 1.78396e-12 1.22974e-13
 27 0.00013321 1.311e-05 1 7.53011e-05 0.999925 0 2.8732e-12 1.59968e-13
 28 0.000147631 1.4421e-05 1 9.24125e-05 0.999908 0 3.27981e-12 1.80631e-13
 29 0.000163494 1.58631e-05 1 0.000113253 0.999887 0 3.60478e-12 1.8268e-13
 30 0.000180943 1.74494e-05 1 0.000138619 0.999861 0 4.08794e-12 2.33009e-13
 31 0.000200138 1.91943e-05 1 0.000169478 0.999831 0 4.79556e-12 1.70742e-13
 32 0.000221252 2.11138e-05 1 0.000206989 0.999793 0 3.52989e-12 2.11037e-13
 33 0.000244477 2.32252e-05 1 0.000252566 0.999747 0 5.40507e-12 2.94769e-13
 34 0.000270024 2.55477e-05 1 0.000307914 0.999692 0 4.55885e-12 1.91005e-13
 35 0.000298127 2.81024e-05 1 0.000375107 0.999625 0 3.21839e-12 2.09938e-13
 36 0.000329039 3.09127e-05 1 0.000456627 0.999543 0 7.50785e-12 2.45367e-13
 37 0.000363043 3.40039e-05 1 0.000555488 0.999445 0 8.75687e-12 3.376e-13
 38 0.000400448 3.74043e-05 1 0.000675329 0.999325 0 9.45401e-12 3.28591e-13
 39 0.000441593 4.11448e-05 1 0.00082056 0.999179 0 1.55565e-11 3.40251e-13
 40 0.000486852 4.52593e-05 1 0.000996444 0.999004 0 1.27591e-11 2.21921e-13
 41 0.000536637 4.97852e-05 1 0.00120936 0.998791 0 1.23972e-11 3.03654e-13
 42 0.000591401 5.47637e-05 1 0.00146697 0.998533 0 1.65134e-11 3.66343e-13
 43 0.000651641 6.02401e-05 1 0.00177853 0.998221 0 9.68869e-12 1.93054e-13
 44 0.000717905 6.62641e-05 1 0.00215504 0.997845 0 9.25092e-12 6.9825e-13
 45 0.000787642 6.97371e-05 1 0.00258913 0.997411 0 6.6447e-12 6.30411e-13
 46 0.000858048 7.04061e-05 1 0.00306632 0.996933 0 1.44594e-11 9.30135e-13
 47 0.000929138 7.10899e-05 1 0.00358752 0.996412 0 1.0127e-11 8.00507e-13
 48 0.00099895 6.98115e-05 0.999999 0.00413724 0.995862 0 8.7251e-12 6.11305e-13
 49 0.00106945 7.05013e-05 0.999999 0.00473008 0.995269 0 1.03643e-11 6.32774e-13
 50 0.00114066 7.1208e-05 0.999999 0.00536665 0.994633 0 7.19223e-12 9.35629e-13
 51 0.00121243 7.17753e-05 0.999999 0.00604619 0.993953 0 7.47771e-12 7.31765e-13
 52 0.00128444 7.20051e-05 0.999999 0.00676543 0.993234 0 6.56275e-12 9.68631e-13
 53 0.00135546 7.10226e-05 0.999999 0.00751103 0.992488 0 5.69396e-12 1.06895e-12
 54 0.00142701 7.1548e-05 0.999999 0.00829792 0.991701 0 8.18197e-12 9.85625e-13
 55 0.00149864 7.16328e-05 0.999998 0.00912096 0.990877 0 1.53946e-11 1.13601e-12
 56 0.00157134 7.2699e-05 0.999998 0.00999159 0.990007 0 1.81953e-11 1.19154e-12
 57 0.00164482 7.34799e-05 0.999998 0.0109069 0.989091 0 2.4309e-11 1.11871e-12
 58 0.00171825 7.34291e-05 0.999998 0.0118563 0.988142 0 2.2571e-11 8.80233e-13
 59 0.00179191 7.36559e-05 0.999998 0.0128426 0.987155 0 2.06011e-11 1.04824e-12
 60 0.00186569 7.37876e-05 0.999997 0.013864 0.986133 0 2.09694e-11 1.17274e-12
 61 0.0019398 7.4105e-05 0.999997 0.0149225 0.985075 0 2.28649e-11 1.43805e-12
 62 0.00201419 7.43868e-05 0.999997 0.0160171 0.98398 0 2.30466e-11 1.30339e-12
 63 0.00208986 7.56767e-05 0.999997 0.0171628 0.982834 0 2.32529e-11 1.46987e-12
 64 0.00216665 7.67902e-05 0.999996 0.0183574 0.981639 0 2.90219e-11 1.69974e-12
 65 0.00224284 7.61894e-05 0.999996 0.0195734 0.980423 0 1.74827e-11 1.93811e-12
 66 0.00231915 7.63101e-05 0.999996 0.0208214 0.979174 0 1.40825e-11 1.98848e-12
 67 0.00239643 7.72798e-05 0.999995 0.0221148 0.977881 0 1.20918e-11 1.99435e-12
 68 0.00247487 7.84359e-05 0.999995 0.023457 0.976538 0 1.1973e-11 2.12981e-12
 69 0.00255427 7.94041e-05 0.999995 0.0248447 0.97515 0 1.1861e-11 2.07454e-12
 70 0.00263474 8.04712e-05 0.999995 0.0262798 0.973715 0 8.86399e-12 2.18334e-12
 71 0.00271572 8.0975e-05 0.999995 0.0277518 0.972243 0 1.07226e-11 1.66037e-12
 72 0.00279745 8.17364e-05 0.999994 0.029265 0.970729 0 1.56842e-11 1.52693e-12
 73 0.00287868 8.12242e-05 0.999994 0.0307945 0.969199 0 1.96172e-11 2.04308e-12
 74 0.00296092 8.22455e-05 0.999994 0.0323688 0.967625 0 1.72836e-11 1.85712e-12
 75 0.00304412 8.31943e-05 0.999993 0.033986 0.966007 0 1.58355e-11 2.51336e-12
 76 0.00312829 8.41663e-05 0.999993 0.0356462 0.964347 0 1.93572e-11 2.60707e-12
 77 0.00321298 8.4698e-05 0.999993 0.03734 0.962653 0 1.48697e-11 2.50131e-12
 78 0.00329887 8.58858e-05 0.999993 0.0390804 0.960912 0 1.57261e-11 2.68894e-12
 79 0.00338542 8.65534e-05 0.999992 0.040856 0.959136 0 1.39355e-11 2.77636e-12
 80 0.00347286 8.74383e-05 0.999992 0.0426708 0.957321 0 6.9269e-12 2.35465e-12
 81 0.00356085 8.79892e-05 0.999992 0.0445169 0.955475 0 1.61546e-11 1.95377e-12
 82 0.00364969 8.88443e-05 0.999991 0.0464001 0.953591 0 1.23524e-11 2.13851e-12
 83 0.00373851 8.88188e-05 0.999991 0.0483006 0.95169 0 1.5621e-11 1.60507e-12
 84 0.00382818 8.96666e-05 0.999991 0.0502363 0.949754 0 1.14807e-11 2.33643e-12
 85 0.00391874 9.05561e-05 0.999991 0.0522074 0.947783 0 1.68153e-11 1.88623e-12
 86 0.00400994 9.12056e-05 0.99999 0.0542077 0.945783 0 2.23322e-11 2.13564e-12
 87 0.00410234 9.23958e-05 0.99999 0.0562485 0.943742 0 1.78559e-11 2.37452e-12
 88 0.00419392 9.15842e-05 0.999989 0.0582837 0.941706 0 2.14778e-11 1.91268e-12
 89 0.00428763 9.37047e-05 0.99999 0.060379 0.939611 0 2.54798e-11 2.69189e-12
 90 0.00438277 9.51467e-05 0.99999 0.0625178 0.937472 0 2.1074e-11 2.34857e-12
 91 0.00447897 9.61964e-05 0.999989 0.0646905 0.935299 0 1.59958e-11 2.77345e-12
 92 0.00457622 9.72516e-05 0.999989 0.0668964 0.933093 0 1.45417e-11 3.14523e-12
 93 0.00467388 9.76567e-05 0.999989 0.0691196 0.930869 0 2.27166e-11 2.66922e-12
 94 0.00477283 9.89505e-05 0.999989 0.07138 0.928609 0 2.08743e-11 2.97717e-12
 95 0.00487298 0.00010015 0.999989 0.073674 0.926315 0 2.74658e-11 2.9086e-12
 96 0.00497435 0.000101376 0.999989 0.0760015 0.923987 0 2.41837e-11 4.13944e-12
 97 0.0050767 0.000102347 0.999989 0.0783554 0.921633 0 2.12931e-11 3.34124e-12
 98 0.00518008 0.000103382 0.999989 0.0807363 0.919252 0 2.42109e-11 3.90211e-12
 99 0.00528435 0.000104265 0.999988 0.0831397 0.916849 0 3.16328e-11 3.63963e-12
 100 0.00538953 0.000105185 0.999988 0.0855653 0.914423 0 3.14365e-11 3.99169e-12
