 1 1.1e-06 1.1e-06 1 1.01185e-08 1 0 1.97202e-13 1.67083e-14
 2 2.31e-06 1.21e-06 1 3.11951e-08 1 0 3.46948e-14 1.86566e-14
 3 3.641e-06 1.331e-06 1 6.7716e-08 1 0 1.46876e-13 1.11232e-14
 4 5.1051e-06 1.4641e-06 1 1.24009e-07 1 0 3.22313e-13 2.34273e-14
 5 6.71561e-06 1.61051e-06 1 2.05413e-07 1 0 3.44814e-13 1.85319e-14
 6 8.48717e-06 1.77156e-06 1 3.18505e-07 1 0 5.87369e-13 1.96761e-14
 7 1.04359e-05 1.94872e-06 1 4.71365e-07 1 0 5.2844e-13 1.9121e-14
 8 1.25795e-05 2.14359e-06 1 6.74421e-07 0.999999 0 9.36915e-13 3.78499e-14
 9 1.49374e-05 2.35795e-06 1 9.39356e-07 0.999999 0 7.46203e-13 2.59523e-14
 10 1.75312e-05 2.59374e-06 1 1.28121e-06 0.999999 0 7.00246e-13 3.22533e-14
 11 2.03843e-05 2.85312e-06 1 1.71818e-06 0.999998 0 4.84354e-13 1.63128e-14
 12 2.35227e-05 3.13843e-06 1 2.2739e-06 0.999998 0 9.51727e-13 3.38594e-14
 13 2.6975e-05 3.45227e-06 1 2.97413e-06 0.999997 0 7.56638e-13 2.59055e-14
 14 3.07725e-05 3.7975e-06 1 3.85237e-06 0.999996 0 1.38236e-12 5.58825e-14
 15 3.49497e-05 4.17725e-06 1 4.94895e-06 0.999995 0 1.5968e-12 5.85384e-14
 16 3.95447e-05 4.59497e-06 1 6.31635e-06 0.999994 0 1.34643e-12 9.75635e-14
 17 4.45992e-05 5.05447e-06 1 8.01083e-06 0.999992 0 1.4927e-12 1.13973e-13
 18 5.01591e-05 5.55992e-06 1 1.0106e-05 0.99999 0 1.79046e-12 8.28597e-14
 19 5.6275e-05 6.11591e-06 1 1.26903e-05 0.999987 0 2.30278e-12 1.67539e-13
 20 6.30025e-05 6.7275e-06 1 1.58788e-05 0.999984 0 4.05521e-12 2.46629e-13
 21 7.04027e-05 7.40025e-06 1 1.97935e-05 0.99998 0 4.05739e-12 3.05375e-13
 22 7.8543e-05 8.14027e-06 1 2.45951e-05 0.999975 0 3.62159e-12 3.08605e-13
 23 8.74973e-05 8.9543e-06 1 3.04753e-05 0.99997 0 3.64797e-12 3.21963e-13
 24 9.73471e-05 9.84973e-06 1 3.76849e-05 0.999962 0 5.47551e-12 3.50463e-13
 25 0.000108182 1.08347e-05 1 4.64875e-05 0.999954 0 4.22725e-12 3.2455e-13
 26 0.0001201 1.19182e-05 1 5.72306e-05 0.999943 0 3.63821e-12 3.84613e-13
 27 0.00013321 1.311e-05 1 7.03611e-05 0.99993 0 4.47663e-12 4.30872e-13
 28 0.000147631 1.4421e-05 1 8.63486e-05 0.999914 0 7.39055e-12 5.6716e-13
 29 0.000163494 1.58631e-05 1 0.000105812 0.999894 0 8.22857e-12 5.54533e-13
 30 0.000180943 1.74494e-05 1 0.000129489 0.999871 0 6.88788e-12 2.25172e-13
 31 0.000200138 1.91943e-05 1 0.000158344 0.999842 0 1.01334e-11 4.30938e-13
 32 0.000221252 2.11138e-05 1 0.000193383 0.999807 0 1.32069e-11 6.40471e-13
 33 0.000244477 2.32252e-05 1 0.000235936 0.999764 0 1.04499e-11 5.72776e-13
 34 0.000270024 2.55477e-05 1 0.000287585 0.999712 0 1.40955e-11 7.27304e-13
 35 0.000298127 2.81024e-05 1 0.000350396 0.99965 0 1.35925e-11 8.05621e-13
 36 0.000329039 3.09127e-05 1 0.000426519 0.999573 0 1.43641e-11 7.39719e-13
 37 0.000363043 3.40039e-05 1 0.000518792 0.999481 0 1.28301e-11 1.46542e-12
 38 0.000400448 3.74043e-05 1 0.000630586 0.999369 0 1.5443e-11 1.32789e-12
 39 0.000441593 4.11448e-05 1 0.000766305 0.999234 0 1.24643e-11 1.67999e-12
 40 0.000486852 4.52593e-05 1 0.000930494 0.99907 0 1.26483e-11 1.51121e-12
 41 0.000536637 4.97852e-05 1 0.00112916 0.998871 0 9.96627e-12 1.46212e-12
 42 0.000591401 5.47637e-05 1 0.00136941 0.998631 0 1.96418e-11 2.05216e-12
 43 0.000651641 6.02401e-05 1 0.0016605 0.998339 0 1.76656e-11 2.08497e-12
 44 0.000717905 6.62641e-05 1 0.00201192 0.997988 0 1.60863e-11 2.31963e-12
 45 0.000790795 7.28905e-05 1 0.00243614 0.997564 0 2.13133e-11 2.11915e-12
 46 0.000870975 8.01795e-05 1 0.00294783 0.997052 0 4.35245e-11 2.15454e-12
 47 0.000959172 8.81975e-05 1 0.00356586 0.996434 0 4.18965e-11 2.81672e-12
 48 0.00105619 9.70172e-05 1 0.00430952 0.99569 0 3.47031e-11 4.582e-12
 49 0.00116291 0.000106719 1 0.00520391 0.994796 0 3.87157e-11 4.59341e-12
 50 0.0012803 0.000117391 1 0.00627813 0.993721 0 2.95007e-11 4.10944e-12
 51 0.00140943 0.00012913 0.999999 0.00756702 0.992432 0 3.12392e-11 5.26943e-12
 52 0.00155147 0.000142043 0.999999 0.00910963 0.990889 0 3.66365e-11 5.64084e-12
 53 0.00170772 0.000156247 0.999999 0.0109526 0.989046 0 4.93891e-11 3.9863e-12
 54 0.00187959 0.000171872 0.999998 0.0131482 0.98685 0 5.08672e-11 6.80994e-12
 55 0.00206865 0.000189059 0.999998 0.0157562 0.984241 0 5.42518e-11 6.14593e-12
 56 0.00227662 0.000207965 0.999997 0.0188431 0.981154 0 1.72496e-11 6.89251e-12
 57 0.00250538 0.000228762 0.999996 0.0224821 0.977514 0 5.57072e-11 6.49207e-12
 58 0.00275701 0.000251638 0.999995 0.0267518 0.973243 0 1.18993e-11 6.89659e-12
 59 0.00303382 0.000276801 0.999995 0.0317349 0.96826 0 4.52525e-11 7.95756e-12
 60 0.0033383 0.000304482 0.999994 0.0375159 0.962479 0 5.96895e-11 6.97569e-12
 61 0.00367323 0.00033493 0.999995 0.0441769 0.955819 0 9.52921e-11 9.27689e-12
 62 0.00404165 0.000368423 0.999998 0.0517923 0.948206 0 6.12414e-11 7.53251e-12
 63 0.00442586 0.000384211 0.999984 0.0599494 0.940035 0 1.08703e-10 1.11529e-11
 64 0.00481358 0.000387713 0.999958 0.0683251 0.931633 0 1.4853e-10 3.25205e-12
 65 0.00519888 0.000385302 0.999928 0.0767279 0.9232 0 1.33122e-10 2.32756e-12
 66 0.00558324 0.000384362 0.999904 0.0851378 0.914766 0 6.56055e-11 3.28424e-12
 67 0.00596769 0.000384448 0.999883 0.0935263 0.906357 0 1.38091e-10 6.42683e-12
 68 0.00634589 0.000378199 0.999857 0.101703 0.898154 0 1.85468e-10 7.85467e-12
 69 0.00672464 0.000378754 0.999842 0.109801 0.890041 0 1.45817e-10 1.06495e-11
 70 0.0071064 0.000381755 0.999833 0.117836 0.881998 0 2.10064e-10 1.07837e-11
 71 0.00748437 0.000377977 0.999816 0.125626 0.87419 0 1.76745e-10 1.78407e-11
 72 0.00786305 0.000378677 0.999808 0.133263 0.866544 0 1.72341e-10 1.57136e-11
 73 0.00824219 0.000379144 0.9998 0.140719 0.859081 0 1.96029e-10 1.17825e-11
 74 0.00861357 0.000371377 0.999783 0.147814 0.851968 0 1.78493e-10 1.87655e-11
 75 0.00898766 0.000374087 0.999781 0.154769 0.845012 0 2.46266e-10 1.70975e-11
 76 0.00936393 0.000376275 0.99978 0.161545 0.838235 0 2.66578e-10 1.82895e-11
 77 0.00973447 0.000370537 0.999769 0.167985 0.831784 0 3.18304e-10 2.03824e-11
 78 0.0101061 0.000371626 0.999768 0.174229 0.825539 0 3.21557e-10 2.38775e-11
 79 0.010478 0.000371889 0.999767 0.180248 0.819519 0 3.70948e-10 2.62159e-11
 80 0.0108499 0.000371891 0.999766 0.186034 0.813732 0 3.90228e-10 2.75154e-11
 81 0.0112225 0.000372657 0.999767 0.191601 0.808166 0 3.29309e-10 2.35218e-11
 82 0.0115842 0.000361655 0.999751 0.196765 0.802986 0 3.1318e-10 2.37693e-11
 83 0.0119454 0.000361205 0.999751 0.201722 0.798029 0 3.46472e-10 2.68917e-11
 84 0.0123101 0.000364666 0.999756 0.206513 0.793243 0 3.62543e-10 2.86428e-11
 85 0.0126731 0.000363028 0.999754 0.211062 0.788692 0 3.60383e-10 2.75433e-11
 86 0.0130359 0.000362775 0.999754 0.2154 0.784354 0 3.78744e-10 2.30587e-11
 87 0.0134 0.000364167 0.999756 0.219549 0.780206 0 3.82598e-10 2.5341e-11
 88 0.0137657 0.00036565 0.999758 0.223512 0.776246 0 4.30818e-10 1.91434e-11
 89 0.0141329 0.000367258 0.999761 0.22729 0.772471 0 3.95937e-10 2.09933e-11
 90 0.014493 0.000360062 0.999751 0.230789 0.768962 0 3.7131e-10 2.829e-11
 91 0.014855 0.000361989 0.999754 0.234135 0.765619 0 3.46919e-10 2.81666e-11
 92 0.0152211 0.000366098 0.999759 0.237335 0.762424 0 3.19797e-10 3.00387e-11
 93 0.0155892 0.000368154 0.999762 0.240373 0.759389 0 2.74842e-10 3.43955e-11
 94 0.0159602 0.000370984 0.999765 0.243257 0.756507 0 3.27299e-10 3.97512e-11
 95 0.0163306 0.00037036 0.999763 0.245965 0.753798 0 3.23048e-10 4.4116e-11
 96 0.0166985 0.000367955 0.999758 0.248495 0.751263 0 3.00054e-10 3.75284e-11
 97 0.0170712 0.000372677 0.999762 0.250916 0.748846 0 3.75542e-10 3.26741e-11
 98 0.0174486 0.000377381 0.999764 0.253215 0.746549 0 3.54641e-10 3.63042e-11
 99 0.0178291 0.000380525 0.999764 0.25539 0.744373 0 2.50887e-10 5.68434e-11
 100 0.0181982 0.00036912 0.999743 0.257352 0.74239 0 2.46943e-10 4.954e-11
 101 0.0185709 0.000372698 0.99974 0.259234 0.740507 0 2.37617e-10 5.51304e-11
 102 0.018948 0.000377018 0.999738 0.261019 0.738719 0 2.90131e-10 6.09662e-11
 103 0.0193271 0.000379169 0.999734 0.262703 0.737031 0 2.85944e-10 6.00627e-11
 104 0.0197095 0.000382388 0.999729 0.264299 0.73543 0 3.20412e-10 6.98792e-11
 105 0.0200854 0.000375906 0.999712 0.265764 0.733949 0 3.03066e-10 7.53241e-11
 106 0.0204631 0.000377645 0.999703 0.267157 0.732547 0 2.22218e-10 6.98686e-11
 107 0.0208424 0.000379328 0.999694 0.268474 0.73122 0 2.53077e-10 7.01417e-11
 108 0.0212247 0.000382315 0.999685 0.269724 0.729961 0 2.33287e-10 5.746e-11
 109 0.0216119 0.000387238 0.999679 0.270922 0.728756 0 2.8085e-10 7.4067e-11
 110 0.0220038 0.000391813 0.999672 0.272065 0.727607 0 3.21594e-10 6.96794e-11
 111 0.0223973 0.00039354 0.99966 0.273147 0.726514 0 3.07132e-10 7.46993e-11
 112 0.0227927 0.000395419 0.999648 0.274173 0.725474 0 2.89213e-10 7.9269e-11
 113 0.023188 0.000395297 0.999632 0.275142 0.72449 0 2.52196e-10 6.93296e-11
 114 0.0235882 0.000400148 0.999621 0.276076 0.723545 0 2.61038e-10 7.29399e-11
 115 0.0239909 0.000402705 0.999608 0.276966 0.722642 0 3.32931e-10 6.73512e-11
 116 0.0243921 0.000401199 0.999588 0.277805 0.721783 0 2.89838e-10 8.93014e-11
 117 0.0247978 0.000405761 0.999575 0.278621 0.720953 0 2.48307e-10 8.09993e-11
 118 0.0251975 0.000399719 0.999548 0.279376 0.720172 0 2.24581e-10 8.04143e-11
 119 0.025603 0.000405434 0.999535 0.280124 0.719411 0 2.11925e-10 7.39828e-11
 120 0.0260146 0.00041159 0.999521 0.280849 0.718672 0 1.24333e-10 7.3148e-11
 121 0.0264272 0.000412601 0.999501 0.281539 0.717962 0 1.73712e-10 7.116e-11
 122 0.0268424 0.000415214 0.999482 0.282205 0.717277 0 1.68793e-10 7.53855e-11
 123 0.0272603 0.000417887 0.999462 0.282845 0.716617 0 1.93204e-10 8.15238e-11
 124 0.0276814 0.000421173 0.999442 0.283465 0.715977 0 1.14228e-10 7.99529e-11
 125 0.0281009 0.000419461 0.999416 0.28405 0.715365 0 2.30845e-10 7.80578e-11
 126 0.0285247 0.000423769 0.999396 0.284628 0.714768 0 2.26084e-10 7.6421e-11
 127 0.0289554 0.00043068 0.999378 0.285194 0.714184 0 2.16956e-10 7.49924e-11
 128 0.0293896 0.000434236 0.999357 0.285739 0.713618 0 2.40974e-10 6.33944e-11
 129 0.0298282 0.000438638 0.999336 0.28627 0.713066 0 3.01187e-10 7.19943e-11
 130 0.0302671 0.0004389 0.999309 0.286774 0.712535 0 2.51114e-10 7.87859e-11
 131 0.0307078 0.000440685 0.999284 0.287261 0.712023 0 2.88672e-10 7.88623e-11
 132 0.0311497 0.00044189 0.999257 0.287728 0.711528 0 2.54987e-10 8.5959e-11
 133 0.0315945 0.000444776 0.999232 0.288181 0.711051 0 3.39953e-10 8.44999e-11
 134 0.0320427 0.00044826 0.999208 0.288617 0.710591 0 2.55165e-10 9.14753e-11
 135 0.0324875 0.000444783 0.999177 0.289022 0.710156 0 2.22956e-10 8.02471e-11
 136 0.0329375 0.000450009 0.999155 0.289422 0.709732 0 3.97855e-10 8.95078e-11
 137 0.0333947 0.000457198 0.999133 0.289812 0.709321 0 3.2161e-10 8.65369e-11
 138 0.033855 0.000460305 0.999108 0.290182 0.708926 0 3.50954e-10 9.68514e-11
 139 0.0343183 0.00046322 0.999082 0.290536 0.708546 0 3.81953e-10 8.50746e-11
 140 0.0347822 0.00046398 0.999053 0.290872 0.70818 0 3.74764e-10 8.8605e-11
 141 0.035249 0.000466768 0.999027 0.291199 0.707828 0 3.20308e-10 1.02162e-10
 142 0.035718 0.000468969 0.999001 0.291511 0.70749 0 3.34907e-10 9.06969e-11
 143 0.0361895 0.00047153 0.998977 0.291811 0.707166 0 3.67387e-10 1.02317e-10
 144 0.0366636 0.000474116 0.998951 0.292097 0.706854 0 2.89792e-10 1.28909e-10
 145 0.0371428 0.000479153 0.99893 0.292378 0.706552 0 6.9494e-10 9.95082e-11
 146 0.0376193 0.000476536 0.998901 0.292636 0.706264 0 8.12886e-10 1.2238e-10
 147 0.0381012 0.000481849 0.998877 0.292894 0.705983 0 9.93806e-10 1.08612e-10
 148 0.0385902 0.00048907 0.998858 0.29315 0.705708 0 9.39129e-10 1.1202e-10
 149 0.0390783 0.000488107 0.99883 0.293389 0.705441 0 9.53293e-10 1.19603e-10
 150 0.0395706 0.000492294 0.998807 0.293627 0.70518 0 9.0228e-10 1.15307e-10
 151 0.0400681 0.000497516 0.998785 0.293861 0.704925 0 9.55761e-10 1.22497e-10
 152 0.0405655 0.000497384 0.99876 0.294081 0.704679 0 8.16683e-10 1.25369e-10
 153 0.0410649 0.000499345 0.998737 0.294296 0.704441 0 8.19327e-10 1.19477e-10
 154 0.0415675 0.000502634 0.998714 0.294502 0.704212 0 1.10334e-09 2.62611e-10
 155 0.0420745 0.000506982 0.998694 0.294699 0.703994 0 8.32052e-10 2.03043e-10
 156 0.0425869 0.000512358 0.998673 0.294886 0.703787 0 7.89135e-10 1.78815e-10
 157 0.0431023 0.000515434 0.998651 0.295058 0.703593 0 8.46707e-10 1.78333e-10
 158 0.0436195 0.000517222 0.998629 0.295214 0.703414 0 8.54869e-10 1.54189e-10
 159 0.0441381 0.000518619 0.998605 0.295352 0.703254 0 9.04806e-10 1.46458e-10
 160 0.0446585 0.000520363 0.998584 0.295473 0.703111 0 9.47694e-10 1.23288e-10
 161 0.0451792 0.00052075 0.998561 0.295574 0.702988 0 9.66545e-10 1.1878e-10
 162 0.0457056 0.00052637 0.998542 0.29566 0.702882 0 9.38881e-10 1.17309e-10
 163 0.0462364 0.000530819 0.998521 0.295728 0.702792 0 9.19781e-10 1.02104e-10
 164 0.0467694 0.000532973 0.998499 0.295779 0.70272 0 9.82238e-10 1.04055e-10
 165 0.0473108 0.000541421 0.998482 0.295823 0.702659 0 9.90753e-10 9.16563e-11
 166 0.0478583 0.000547478 0.998461 0.295852 0.702609 0 1.0465e-09 8.91094e-11
 167 0.0484057 0.000547419 0.998438 0.295868 0.70257 0 1.59013e-09 9.03783e-11
 168 0.048958 0.000552319 0.998417 0.29588 0.702537 0 1.46795e-09 8.08164e-11
 169 0.0495163 0.000558233 0.998397 0.295889 0.702509 0 5.00601e-09 6.8538e-10
 170 0.0500649 0.000548583 0.998367 0.295884 0.702483 0 6.99118e-09 4.23691e-10
 171 0.050614 0.000549176 0.998344 0.295886 0.702457 0 5.4406e-09 1.64562e-10
 172 0.0511641 0.000550113 0.998321 0.295891 0.702429 0 7.48153e-09 1.22484e-10
 173 0.0517162 0.000552051 0.998298 0.295899 0.702399 0 8.99071e-09 5.14161e-10
 174 0.0522718 0.000555651 0.998275 0.295909 0.702366 0 5.56142e-09 2.46811e-10
 175 0.0528335 0.000561625 0.998255 0.295925 0.70233 0 5.91328e-09 2.32983e-10
 176 0.0534025 0.000569028 0.998236 0.295945 0.702291 0 5.92235e-09 2.04615e-10
 177 0.0539805 0.00057803 0.998218 0.295968 0.702251 0 5.79022e-09 2.38209e-10
 178 0.0545649 0.000584345 0.998199 0.29599 0.702209 0 5.64201e-09 2.53712e-10
 179 0.0551479 0.000583061 0.998176 0.296008 0.702168 0 5.25672e-09 2.63235e-10
 180 0.0557367 0.000588725 0.998158 0.29603 0.702128 0 5.73476e-09 2.77163e-10
 181 0.0563301 0.000593488 0.998139 0.296049 0.702091 0 1.46225e-08 1.09492e-09
 182 0.0569283 0.000598127 0.99812 0.296064 0.702056 0 2.45715e-09 5.00402e-10
 183 0.0575153 0.000587023 0.998093 0.296066 0.702028 0 5.14346e-09 4.01496e-10
 184 0.0581016 0.000586261 0.998072 0.296071 0.702002 0 4.66848e-09 3.91636e-10
 185 0.0586879 0.000586322 0.998053 0.296074 0.701979 0 4.26017e-09 2.5918e-10
 186 0.0592764 0.000588469 0.998034 0.296075 0.70196 0 4.22724e-09 2.74561e-10
 187 0.0598698 0.00059346 0.998018 0.296076 0.701943 0 8.86317e-09 3.26331e-10
 188 0.0604701 0.000600272 0.998003 0.296076 0.701927 0 5.89093e-09 2.8468e-10
 189 0.0610773 0.000607225 0.997988 0.296078 0.701911 0 7.12534e-09 2.21051e-10
 190 0.0616866 0.000609277 0.997971 0.296077 0.701894 0 5.22176e-09 6.87905e-10
 191 0.0622993 0.000612762 0.997953 0.296078 0.701875 0 5.99746e-09 6.11756e-10
 192 0.0629168 0.000617478 0.997936 0.296081 0.701856 0 7.17897e-09 5.79139e-10
 193 0.0635442 0.000627394 0.997922 0.296086 0.701836 0 4.62122e-09 4.9504e-10
 194 0.0641783 0.000634088 0.997907 0.296092 0.701815 0 5.96081e-09 5.29081e-10
 195 0.0647943 0.000616003 0.997879 0.296084 0.701796 0 6.40562e-09 2.01838e-09
 196 0.0654152 0.000620906 0.997865 0.29609 0.701774 0 1.10704e-08 1.76161e-09
 197 0.0660374 0.000622217 0.997848 0.296095 0.701753 0 4.05973e-09 1.46269e-09
 198 0.066659 0.000621527 0.997831 0.296096 0.701735 0 5.3868e-09 1.39213e-09
 199 0.0672794 0.00062046 0.997813 0.296095 0.701719 0 5.83273e-09 1.30904e-09
 200 0.0679008 0.000621424 0.997797 0.296092 0.701706 0 6.7928e-09 1.491e-09
